Mutant12OCL1:0.6
Mutant12OCL11:0.6
Mutant12OCL19:0.6
Mutant18OCL18:0.3333333333333333
Mutant2OCL16:0.6
Mutant2OCL17:0.6
Mutant21OCL2:0.6
Mutant21OCL3:0.6
Mutant23OCL33:0.3333333333333333
Mutant23OCL8:0.3333333333333333
Mutant24OCL14:0.3333333333333333
Mutant25OCL6:0.42857142857142855
Mutant26OCL3:0.4285714285714286
Mutant28OCL13:0.3333333333333333
Mutant28OCL14:0.3333333333333333
Mutant28OCL25:0.3333333333333333
Mutant28OCL8:0.3333333333333333
Mutant29OCL6:0.42857142857142855
Mutant32OCL19:0.6
Mutant36OCL14:0.3333333333333333
Mutant39OCL18:0.3333333333333333
Mutant42OCL16:0.6
Mutant42OCL17:0.6
Mutant43OCL18:0.3333333333333333
Mutant44OCL6:0.42857142857142855
Mutant46OCL14:0.3333333333333333
Mutant49OCL6:0.42857142857142855
