Mutant1OCL1:0.03999999999999986
Mutant1OCL20:0.6923076923076923
Mutant1OCL21:0.6923076923076923
Mutant1OCL27:0.2727272727272727
Mutant1OCL29:0.2727272727272727
Mutant1OCL30:0.2727272727272727
Mutant1OCL32:0.2727272727272727
Mutant1OCL38:0.09090909090909086
Mutant10OCL15:0.9393939393939393
Mutant10OCL22:0.9393939393939393
Mutant10OCL24:0.9393939393939393
Mutant10OCL26:0.9393939393939393
Mutant10OCL27:0.9393939393939393
Mutant10OCL29:0.9393939393939393
Mutant10OCL30:0.9393939393939393
Mutant10OCL32:0.9393939393939393
Mutant10OCL33:0.9393939393939393
Mutant10OCL35:0.9393939393939393
Mutant13OCL17:0.33333333333333337
Mutant14OCL18:0.33333333333333337
Mutant15OCL19:0.19999999999999996
Mutant16OCL20:0.6923076923076923
Mutant18OCL23:0.7500000000000001
Mutant19OCL3:0.6923076923076923
Mutant19OCL7:0.6923076923076923
Mutant2OCL1:0.03999999999999986
Mutant2OCL20:0.6923076923076923
Mutant2OCL22:0.6923076923076923
Mutant2OCL27:0.2727272727272727
Mutant2OCL29:0.2727272727272727
Mutant2OCL36:0.2727272727272727
Mutant3OCL1:0.6923076923076923
Mutant3OCL12:0.6923076923076923
Mutant3OCL4:0.6923076923076923
Mutant30OCL38:0.10714285714285707
Mutant31OCL39:0.33333333333333337
Mutant32OCL17:0.6190476190476191
Mutant32OCL19:0.3571428571428571
Mutant34OCL20:0.6923076923076923
Mutant35OCL41:0.33333333333333337
Mutant37OCL38:0.10714285714285707
Mutant39OCL19:0.19999999999999996
Mutant41OCL38:0.10714285714285707
Mutant42OCL11:0.6923076923076923
Mutant42OCL12:0.6923076923076923
Mutant42OCL22:0.6923076923076923
Mutant42OCL38:0.10714285714285707
Mutant43OCL23:0.6923076923076923
Mutant44OCL1:0.24999999999999994
Mutant44OCL3:0.6923076923076923
Mutant44OCL7:0.6923076923076923
Mutant45OCL17:0.6190476190476191
Mutant45OCL19:0.3571428571428571
Mutant46OCL17:0.33333333333333337
Mutant47OCL38:0.10714285714285707
Mutant47OCL39:0.33333333333333337
Mutant49OCL11:0.6923076923076923
Mutant5OCL17:0.6190476190476191
Mutant5OCL19:0.3571428571428571
Mutant6OCL3:0.6923076923076923
Mutant6OCL6:0.6923076923076923
Mutant6OCL7:0.6923076923076923
Mutant7OCL11:0.6923076923076923
Mutant8OCL13:0.5000000000000001
