Mutant10OCL1:0.6666666666666666
Mutant10OCL10:0.2222222222222222
Mutant10OCL11:0.3333333333333333
Mutant10OCL12:0.5555555555555556
Mutant10OCL13:0.26666666666666666
Mutant10OCL14:0.26666666666666666
Mutant10OCL2:0.5555555555555556
Mutant10OCL3:0.3333333333333333
Mutant10OCL8:0.3333333333333333
Mutant10OCL9:0.2222222222222222
Mutant11OCL11:0.5
Mutant11OCL12:0.5
Mutant11OCL14:0.5
Mutant11OCL8:0.5
Mutant12OCL11:0.3333333333333333
Mutant12OCL8:0.3333333333333333
Mutant13OCL10:0.7142857142857143
Mutant13OCL11:0.7142857142857143
Mutant13OCL12:0.7142857142857143
Mutant13OCL2:0.7142857142857143
Mutant13OCL3:0.7142857142857143
Mutant13OCL8:0.7142857142857143
Mutant13OCL9:0.7142857142857143
Mutant14OCL12:0.5
Mutant15OCL10:0.2857142857142857
Mutant15OCL11:0.2857142857142857
Mutant15OCL12:0.2857142857142857
Mutant15OCL2:0.2857142857142857
Mutant15OCL3:0.2857142857142857
Mutant15OCL4:0.5
Mutant15OCL8:0.2857142857142857
Mutant15OCL9:0.2857142857142857
Mutant17OCL10:0.7142857142857143
Mutant17OCL11:0.7142857142857143
Mutant17OCL12:0.7142857142857143
Mutant17OCL2:0.7142857142857143
Mutant17OCL3:0.7142857142857143
Mutant17OCL8:0.7142857142857143
Mutant17OCL9:0.7142857142857143
Mutant18OCL10:0.7142857142857143
Mutant18OCL11:0.7142857142857143
Mutant18OCL12:0.7142857142857143
Mutant18OCL13:0.3333333333333333
Mutant18OCL14:0.3333333333333333
Mutant18OCL2:0.7142857142857143
Mutant18OCL3:0.7142857142857143
Mutant18OCL8:0.7142857142857143
Mutant18OCL9:0.7142857142857143
Mutant3OCL11:0.5
Mutant3OCL12:0.5
Mutant3OCL3:0.5
Mutant3OCL8:0.5
Mutant4OCL4:0.7142857142857143
Mutant4OCL6:0.7142857142857143
Mutant6OCL1:0.4375
Mutant6OCL10:0.4375
Mutant6OCL11:0.4375
Mutant6OCL12:0.4375
Mutant6OCL2:0.4375
Mutant6OCL3:0.4375
Mutant6OCL4:0.4375
Mutant6OCL5:0.4375
Mutant6OCL8:0.4375
Mutant6OCL9:0.4375
Mutant7OCL11:0.5
Mutant7OCL12:0.5
Mutant7OCL3:0.5
Mutant7OCL4:0.6666666666666666
Mutant7OCL8:0.5
Mutant9OCL3:0.25
Mutant9OCL4:0.25
Mutant9OCL7:0.25
Mutant9OCL9:0.25
